 8.99991 7.13938 7.2493 6.32928 6.6389 5.85147 4.98483 6.92644 6.71743 7.35805 7.47619 7.32424 7.63312 6.04802 8.16048 7.03089 8.32455 6.68879 8.06296 8.19971 6.39588 7.70333 7.12258 6.54552 6.50485 7.66755 6.75345 6.42552 6.21882 6.54113 6.02335
 9.76646 8.5066 9.27406 6.86183 8.41384 7.94461 7.40013 9.06563 8.17069 9.55425 9.35163 8.37883 8.94984 8.62455 10.0855 8.30865 10.0048 8.63098 9.5752 9.17199 8.93933 9.26908 8.25216 7.37166 7.69576 9.97744 8.90528 8.02174 7.01684 7.74931 7.52849
 10.7172 8.33059 9.01221 7.52342 8.07987 8.18303 6.21372 8.44627 7.76178 8.46026 8.71484 7.91497 8.7697 9.03701 8.36938 8.77107 9.02065 8.33463 9.65533 9.12695 8.88816 9.32126 8.80558 8.45105 8.14963 9.55707 7.24399 7.5214 7.42551 8.06035 6.94056
 10.0545 8.96422 9.93452 7.02145 7.9735 7.87207 6.96488 8.84174 8.16972 9.11108 9.54218 7.56836 8.19035 9.04976 9.85482 8.12146 10.4092 8.60319 9.85876 8.18181 8.39039 9.17085 8.53543 7.57576 7.6271 9.65245 8.85141 7.49014 7.08264 7.57192 7.7689
 8.97425 8.28563 8.10986 6.40699 7.88351 6.75371 5.28584 8.1338 7.47854 8.32328 8.71231 7.1436 8.67641 8.11726 8.42421 7.67913 9.2214 8.11161 9.42121 8.95052 7.61992 8.38946 7.4806 6.8853 7.63044 8.40515 7.28964 7.23556 6.52441 7.37298 7.01439
 9.78404 8.18322 8.55947 7.82303 7.49899 7.87295 6.22015 7.43051 8.0478 8.73916 8.79117 8.58892 7.92832 7.89258 8.8725 8.50555 8.55782 8.27282 8.93076 8.58315 8.68521 9.66568 7.11941 7.76962 7.78969 8.70407 7.73697 7.63325 7.77905 7.43478 7.27601
 9.77036 8.64736 8.73113 7.79837 8.04869 7.291 6.27859 7.79092 8.06841 8.07559 8.14228 7.53425 8.39331 7.81567 8.9484 7.94626 9.16139 8.4946 9.31247 7.8181 8.80763 9.15002 7.61078 8.55375 8.31559 8.02693 7.35836 7.04945 6.89378 7.75811 6.59345
 9.07958 8.94409 9.05566 7.40167 8.05648 7.38527 5.7134 8.96316 7.39174 9.20833 8.51416 8.59889 8.58947 8.77264 8.80265 8.46129 9.43163 7.95641 10.2206 8.92378 8.79134 9.44146 7.94368 8.42925 7.06946 8.84064 7.22919 7.12148 6.82895 7.32514 6.33199
 8.80236 6.65317 7.26487 5.63813 6.97058 6.88613 6.00308 6.84024 6.47951 7.38233 7.51274 6.75664 6.91761 7.83613 8.09506 7.33028 8.39467 6.66351 8.03922 7.20907 7.03845 7.43312 7.02815 5.90228 5.81666 8.59016 7.0912 6.8998 6.51099 6.75841 7.18203
 8.76515 7.80536 7.54945 5.66343 7.64683 5.99674 5.05174 8.50055 7.42426 7.91203 7.68691 6.71909 7.64171 8.00517 7.40501 6.71287 8.02487 7.06004 7.82125 7.78913 7.10614 8.20578 6.21986 6.53711 6.95056 6.763 6.28976 6.03466 6.20812 5.72585 5.89547
 8.96848 7.10192 8.09276 6.69569 6.51049 7.52459 5.13011 7.21739 6.5121 7.50897 8.16822 7.11773 7.54629 6.69312 7.96228 7.8355 8.35018 8.65902 8.21482 8.16798 7.88781 8.26704 7.07385 7.63764 6.89127 8.33517 6.99189 6.29041 6.5345 7.02981 6.09446
 9.91107 8.3618 8.55418 7.40691 7.88532 7.2535 6.87287 7.87451 9.10446 9.04911 8.69907 7.35415 7.83803 8.30982 8.97554 8.17535 8.97441 8.32057 8.37218 8.92493 8.65896 9.08783 7.59944 7.52756 8.2121 8.21384 7.59974 7.16007 7.39717 7.14018 7.91692
 9.65264 7.82966 8.50212 6.64935 6.85806 7.20285 6.4864 8.17614 7.62857 8.88223 8.07961 8.14554 8.20049 8.11717 9.44507 8.39217 9.26555 7.93113 8.85143 9.37143 7.8702 9.69606 8.64442 7.42333 7.32828 9.79195 8.16171 7.7689 6.69666 7.6728 6.74826
 8.17712 7.3752 7.82971 7.62149 7.15199 6.10982 5.74511 7.34166 6.81026 7.92427 6.34578 7.71278 5.93671 6.67736 7.46804 6.80754 8.07197 6.78735 7.8513 7.91112 7.78002 8.14701 6.82025 6.69679 6.93992 7.777 6.48714 6.30232 5.13224 6.15315 5.72317
 9.47606 7.82802 8.40187 6.95551 7.61686 6.83108 7.50929 7.96701 7.67347 9.08889 8.20659 7.51617 8.1272 8.24877 8.62146 7.78947 9.10959 7.68558 9.43587 8.32745 8.61796 8.91097 7.75252 7.31349 7.71302 8.55145 7.56488 7.1928 7.0814 6.58492 6.71501
 9.089 6.84255 7.05114 5.71625 7.04053 7.05389 5.86539 6.38527 7.84627 7.00442 7.59947 5.94884 7.82571 6.74741 7.31044 6.79858 7.27613 7.22492 6.89296 7.29543 7.04841 7.41429 6.38657 6.24006 7.10232 6.97057 6.37395 5.70943 6.48105 5.71728 6.28662
 10.7683 9.07935 9.16452 7.55026 7.80953 7.48793 6.37171 7.35572 8.55916 8.29147 8.84988 7.33124 8.31181 8.66183 8.53753 7.74116 9.09752 8.59451 9.24839 9.70686 8.46362 9.24584 7.52603 7.11514 8.60851 8.92146 7.1757 7.78776 7.82645 7.29772 7.27619
 10.2938 8.04687 7.86652 6.49279 7.69422 7.15459 5.64023 7.83203 7.76895 7.74147 8.30169 7.57556 8.60026 7.78506 8.82708 8.37597 9.03348 8.16041 9.08957 8.39892 7.47426 8.70366 7.39926 8.20568 6.78765 7.98915 7.25162 6.6325 8.22113 7.48164 6.87941
 10.6019 8.87712 9.59909 7.6675 8.61477 7.76223 6.24373 8.63091 8.17976 8.50394 9.00967 7.93919 8.61024 7.79163 8.52046 8.44398 9.35137 9.10003 9.73171 8.73973 9.0293 9.79465 8.04264 7.83093 7.86059 8.99667 7.56823 7.72628 7.41454 7.24197 7.2975
 9.93796 7.72183 8.43726 6.86635 7.63196 7.14468 6.53382 7.74602 8.12899 8.64414 8.54393 7.37333 7.73993 7.74821 7.9887 8.25055 8.64513 8.79268 8.89147 9.09024 8.67394 9.01616 7.45493 7.19482 7.6484 8.05043 7.23084 7.08544 7.78019 6.75786 7.39549
 9.17169 7.71824 7.41658 5.44398 6.873 5.88753 5.79627 6.79544 7.43301 6.26604 7.43219 5.68701 7.68356 6.77603 7.81257 6.80218 7.11461 7.5851 7.51708 6.10078 7.13077 8.51791 7.11834 6.29161 6.36711 7.39374 6.62546 6.44709 6.36329 6.67309 6.03171
 9.73921 7.83223 8.75022 7.6379 7.36524 8.22708 6.51026 7.46578 7.9275 8.11458 8.84888 7.57451 7.36084 8.29885 8.78326 7.45057 8.8577 8.06124 8.11632 8.50589 8.46475 8.32647 7.07797 7.82649 7.34397 8.93445 7.78637 6.33902 7.58101 6.53414 7.38695
 8.45394 6.46432 7.34344 5.90141 6.91632 6.5088 5.8848 6.99881 6.63025 7.16413 7.91785 6.3768 7.79188 6.36674 7.39439 6.35546 6.97896 6.77756 8.48835 6.57327 6.98639 8.28272 6.25829 5.98109 6.48022 7.29975 7.25767 6.90359 7.00164 6.12124 6.00142
 7.93633 7.8216 7.10777 5.9814 6.60816 5.81313 4.28835 6.80123 6.67963 7.14151 6.48887 6.20709 7.53355 6.71291 6.90374 6.80531 7.59535 7.96395 8.44002 7.55666 6.96956 7.80888 5.90452 6.07064 7.16557 6.60505 5.42296 6.88226 5.82012 5.20328 5.23072
 7.58771 6.39257 6.8213 6.15469 5.83874 5.58003 3.94411 6.06527 5.57353 5.94067 6.82309 6.0371 6.66625 5.56463 6.67356 5.2528 6.971 6.35903 7.18793 6.41081 5.98333 7.08288 5.90313 5.45316 6.05119 6.79041 6.04313 5.77108 6.40278 5.48234 5.81309
 9.57412 8.90403 9.09127 6.41167 7.52307 7.65056 5.02338 7.59435 8.33186 8.8719 8.54888 7.7545 8.51651 7.61044 8.95761 8.45307 9.29696 8.68397 8.67975 9.31151 7.60909 9.02994 7.55711 6.49737 7.05183 8.35202 7.85299 7.5985 7.79893 7.15961 7.11745
 8.69867 7.83125 8.78108 7.48341 7.00388 6.60548 5.49794 6.94021 7.69241 8.45205 6.83303 7.88802 6.44073 6.5009 8.51859 7.84728 9.10469 7.98819 7.82019 8.76701 7.3335 8.08987 7.23803 7.22752 7.30102 7.44685 6.8937 6.95682 6.28089 6.16214 6.66695
 10.358 8.1503 7.69917 6.68713 7.82195 7.45678 5.97758 8.17031 7.40699 7.91284 8.07799 7.45274 8.61956 8.50456 8.52011 8.27706 9.22079 8.09422 8.61424 7.90301 7.5396 8.51884 7.44323 7.95627 8.19161 8.62901 6.89622 6.88151 6.9129 7.01546 6.53839
 10.5185 7.93352 8.49419 7.80533 8.37042 7.74305 6.38191 7.55977 8.4346 8.27318 7.80608 8.00407 8.42032 8.12679 7.73044 7.95213 8.1581 7.79165 8.59351 9.73447 8.3598 9.33965 7.60857 7.76277 8.41416 8.27164 7.03392 7.29902 7.8414 6.86972 6.56544
 8.36918 7.30113 7.72048 6.38905 7.05081 6.14232 5.44537 7.55488 6.56555 7.19245 7.46171 6.67775 6.85081 7.20654 8.23704 6.45253 7.94682 7.33631 8.05934 7.89255 7.60899 7.99915 7.46483 6.63685 6.96622 8.57932 7.16532 6.92015 5.76144 7.07098 6.93888
 7.7215 7.33223 7.52622 6.04539 7.02983 7.3167 5.68579 7.96159 7.32252 7.33196 7.48919 6.53262 7.7295 6.59853 8.49618 6.88596 8.41379 8.28763 8.05607 7.46545 7.8271 8.14411 6.3812 7.29002 5.81994 7.93189 7.42166 5.13923 6.18126 6.61437 6.24811
